x1 = -0.369822
x3 = 0.633136
x2 = 1.565089
